32 
32 
32 
32 
32 
32 
32 
32 
32 
32 
32 
32 
60 
108 
105 
62 
84 
101 
108 
195 
169 
102 
111 
110 
111 
58 
32 
60 
97 
32 
99 
108 
97 
115 
115 
78 
97 
109 
101 
61 
34 
116 
101 
120 
116 
45 
98 
108 
117 
101 
45 
54 
48 
48 
32 
104 
111 
118 
101 
114 
58 
117 
110 
100 
101 
114 
108 
105 
110 
101 
34 
32 
104 
114 
101 
102 
61 
123 
96 
116 
101 
108 
58 
36 
123 
73 
78 
70 
79 
46 
116 
101 
108 
101 
102 
111 
110 
111 
125 
96 
125 
62 
123 
73 
78 
70 
79 
46 
116 
101 
108 
101 
102 
111 
110 
111 
125 
60 
47 
97 
62 
60 
47 
108 
105 
62 

